0 0.081989246875 0.9689781015625 0.07795698906250001 0.9689781015625 0.0725806453125 0.9872262781250001 0.0645161296875 0.9799270078125 0.059139784375000004 0.9872262781250001 0.0577956984375 0.9908759125 0.0752688171875 0.9872262781250001 0.088709678125 0.994525546875 0.0954301078125 0.985401459375 0.081989246875 0.976277371875 0.081989246875 0.9689781015625
0 0.0981182796875 0.994525546875 0.11155913906249999 0.994525546875 0.10752688125000001 0.9872262781250001 0.1034946234375 0.9908759125 0.0954301078125 0.985401459375 0.0981182796875 0.994525546875
0 0.06875 0.97109375 0.00546875 0.00390625
0 0.10752688125000001 0.9507299265625001 0.1021505375 0.9562043796875 0.11021505312499999 0.9653284671875 0.11021505312499999 0.9726277375000001 0.1142473125 0.958029196875 0.10752688125000001 0.9507299265625001
0 0.0389784953125 0.945255475 0.0349462359375 0.9489051093749999 0.048387096875 0.958029196875 0.048387096875 0.945255475 0.0389784953125 0.945255475
0 0.0120967734375 0.9014598546875 0.013440860937499998 0.9087591234374999 0.014784946875 0.903284671875 0.0120967734375 0.9014598546875
0 0.045698925 0.8886861312500001 0.059139784375000004 0.8886861312500001 0.048387096875 0.8813868609375 0.045698925 0.8886861312500001
0 0.0796875 0.84765625 0.00390625 0.0015625
0 0.071236559375 0.8321167890625001 0.0698924734375 0.8302919703124999 0.0645161296875 0.846715328125 0.0685483875 0.846715328125 0.071236559375 0.8321167890625001
0 0.19140625 0.24921875 0.00390625 0.0015625
0 0 0 0 0.4014598546875 0.002688171875 0.412408759375 0.0094086015625 0.412408759375 0.0188172046875 0.4270073 0.0161290328125 0.45985401406250004 0.0067204296875 0.4616788328125 0 0.4835766421875 0.002688171875 0.635036496875 0.0228494625 0.6496350359374999 0.0228494625 0.6642335765625 0.0188172046875 0.66605839375 0.028225806250000002 0.6678832109374999 0.0322580640625 0.6879562046875 0.04032258125 0.6879562046875 0.0389784953125 0.695255475 0.071236559375 0.7299270078125 0.071236559375 0.7609489046875 0.08467741875 0.7718978109375 0.09139785 0.7828467156250001 0.09139785 0.7937956203125001 0.0981182796875 0.7992700734375 0.0981182796875 0.8211678828125001 0.10080645156250001 0.8321167890625001 0.10752688125000001 0.8357664234375 0.10752688125000001 0.8521897812500001 0.1142473125 0.855839415625 0.1142473125 0.8740875906250001 0.133064515625 0.8886861312500001 0.1344086015625 0.8959854015625 0.15322580624999999 0.9142335765625 0.150537634375 0.91605839375 0.1572580640625 0.9306569343750001 0.1666666671875 0.93430656875 0.170698925 0.945255475 0.1774193546875 0.9489051093749999 0.17607526874999999 0.9653284671875 0.18279569843750001 0.96350365 0.184139784375 0.9726277375000001 0.1895161296875 0.9726277375000001 0.1895161296875 0.9799270078125 0.1948924734375 0.9817518249999999 0.1935483875 0.9872262781250001 0.20161290312500002 0.9872262781250001 0.206989246875 0.994525546875 0.26209677343750004 0.9981751828125001 0.27822580625 0.9872262781250001 0.2795698921875 0.8996350359375 0.275537634375 0.885036496875 0.2795698921875 0.8740875906250001 0.2795698921875 0.828467153125 0.27284946250000003 0.7664233578124999 0.27822580625 0.7299270078125 0.275537634375 0.7226277375 0.26881720468750003 0.7208029203125 0.27284946250000003 0.7043795625 0.264784946875 0.7116788328125 0.2594086015625 0.708029196875 0.26209677343750004 0.6989051093749999 0.2567204296875 0.695255475 0.2567204296875 0.680656934375 0.26209677343750004 0.6697080296875 0.25537634374999996 0.6587591234375 0.2567204296875 0.6423357671875001 0.2513440859375 0.6368613140625 0.25537634374999996 0.6313868609375 0.252688171875 0.60218978125 0.2392473125 0.5675182484375 0.2392473125 0.5529197078125 0.213709678125 0.5 0.21639784999999997 0.494525546875 0.206989246875 0.481751825 0.213709678125 0.46897810156249997 0.206989246875 0.46532846718750004 0.206989246875 0.45437956249999994 0.2002688171875 0.4470802921875 0.196236559375 0.43065693437499997 0.184139784375 0.4197080296875 0.18682795624999998 0.412408759375 0.18279569843750001 0.4014598546875 0.1666666671875 0.38868613125 0.13844086093750002 0.34306569374999996 0.1478494625 0.3394160578125 0.1465053765625 0.32664233593750003 0.150537634375 0.3175182484375 0.13037634375 0.29744525624999996 0.12768817187499998 0.2718978109375 0.11962365625 0.25 0.12096774218749999 0.231751825 0.1317204296875 0.2335766421875 0.12768817187499998 0.22992700781250003 0.1344086015625 0.2189781015625 0.13037634375 0.21350365 0.1344086015625 0.2043795625 0.13037634375 0.19343065625 0.13709677343749999 0.1916058390625 0.1411290328125 0.1770073 0.13709677343749999 0.16605839375 0.1465053765625 0.1459854015625 0.1411290328125 0.13868613125 0.1411290328125 0.11313868593750001 0.13037634375 0.10401459843750001 0.1317204296875 0.09306569375 0.1182795703125 0.0729927 0.1142473125 0.0437956203125 0.1182795703125 0.03649635 0.10080645156250001 0.014598540625 0.10483870937499999 0.0109489046875 0.09139785 0 0 0
0 0.3225806453125 0.46532846718750004 0.3279569890625 0.46532846718750004 0.337365590625 0.4799270078125 0.35752688125 0.494525546875 0.35752688125 0.5072992703125 0.3454301078125 0.518248175 0.3225806453125 0.514598540625 0.33467741875 0.5711678828125 0.366935484375 0.6186131390625 0.400537634375 0.7116788328125 0.4301075265625 0.753649634375 0.4395161296875 0.8120437953125 0.45026881718749995 0.8357664234375 0.4529569890625 0.8594890515625 0.45967741875 0.87043795625 0.48252688125 0.8777372265625001 0.5524193546875 0.8777372265625001 0.5551075265625001 0.8667883218749999 0.548387096875 0.8594890515625 0.5067204296875001 0.8430656937500001 0.48655913906250003 0.8010948906250001 0.48655913906250003 0.6916058390625001 0.47983870937499995 0.6770073 0.48252688125 0.6697080296875 0.47580645156249995 0.6678832109374999 0.47580645156249995 0.6569343062499999 0.5 0.6514598546875 0.49462365625000004 0.6514598546875 0.4959677421875 0.6423357671875001 0.4771505375 0.63868613125 0.46639785 0.605839415625 0.4704301078125 0.5857664234375 0.46908602187500004 0.5638686125000001 0.4327956984375 0.476277371875 0.39381720468750003 0.4087591234375 0.38844086093749997 0.37408759062499997 0.400537634375 0.3777372265625 0.4099462359375 0.37408759062499997 0.4166666671875 0.3631386859375 0.41397849531249997 0.3321167890625 0.39381720468750003 0.310218978125 0.39784946250000003 0.29744525624999996 0.3965053765625 0.28284671562499997 0.3682795703125 0.22992700781250003 0.33870967812499997 0.2226277375 0.3145161296875 0.22992700781250003 0.298387096875 0.25 0.298387096875 0.2572992703125 0.2849462359375 0.28102189843750003 0.2822580640625 0.38868613125 0.293010753125 0.412408759375 0.2916666671875 0.4233576640625 0.3225806453125 0.46532846718750004